0
0
0
0
0
0
0
0
0
0
1
1
1
1
1
1
1
1
2
2
2
2
2
2
2
2
2
2
2
2
2
2
2
2
6
13
15
32
45
84
120
165
222
259
400
500
673
1073
1695
2277
2277
5232
6391
7798
9942
11748
13910
17963
20410
25374
28768
35136
39885
49515
57786
65719
73235
80110
87956
95923
104118
112065
119199
126168
131646
136675
141942
148220
153222
158273
163027
166831
170099
172541
177644
184948
190839
191726
198674
200210
204178
208389
213024
202990
205905
207634
209465
210773
212917
213435
213435
216582
217466
218011
219329
220325
221447
222857
223578