0
0
0
0
0
1
4
4
4
5
8
10
12
12
12
12
13
13
14
14
16
16
16
16
16
16
16
16
16
16
16
16
16
16
17
27
46
48
79
130
159
196
262
482
670
799
1040
1176
1457
1908
2078
3675
4585
5795
7272
9257
12327
15320
19848
22213
24873
29056
32986
37323
43938
50871
57695
62095
66885
71808
77872
84794
91159
96092
100123
103374
107663
113296
118181
122171
124908
127854
130072
131359
134753
137698
141397
143342
145184
147065
148291
150648
153129
154999
156513
157770
158758
159912
161539
163009
164077
164967
165664
166152
167007
168162
169430
170588
171324