1
1
2
2
3
4
4
4
4
11
12
15
15
16
19
23
24
24
25
27
28
28
28
28
28
29
30
31
31
104
204
433
602
833
977
1261
1766
2337
3150
3736
4335
5186
5621
6088
6593
7041
7314
7478
7513
7755
7869
7979
8086
8162
8236
8320
8413
8565
8652
8799
8961
8961
9037
9137
9241
9332
9478
9583
9661
9786
9887
9976
10062
10156
10237
10284
10331
10384
10423
10450
10480
10512
10537
10564
10591
10613
10635
10653
10661
10674
10683
10694
10708
10718
10728
10738
10752
10761
10765
10774
10780
10793
10801
10804
10806
10810
10822
10840
10874